616 365
106 516
273 439
445 409
499 148
402 267
327 313
582 525
324 506
322 692
475 422
389 132
160 128
629 412
578 442
252 160
474 526
652 371
243 374
552 674
409 489
542 589
493 405
358 223
596 458
600 128
563 306
607 270
687 121
185 518
263 488
308 181
240 448
642 128
588 242
615 339
198 584
393 428
397 577
347 170
463 389
629 359
587 482
138 408
163 203
270 423
596 235
342 383
647 633
272 152
529 398
566 127
508 170
463 167
641 398
297 287
621 413
484 590
458 313
487 368
461 583
634 163
469 139
306 555
117 259
367 580
294 643
590 443
336 450
448 456
130 540
586 405
689 696
480 267
699 553
348 444
116 597
120 345
386 164
653 659
125 262
349 262
676 531
117 680
354 628
653 289
350 606
220 690
172 190
621 155
102 654
353 690
502 406
342 233
206 367
655 203
690 222
309 277
528 538
329 297
618 116
497 271
433 378
541 592
302 414
455 524
609 668
194 408
656 670
116 295
536 693
179 673
153 254
257 539
457 395
372 462
301 154
230 690
326 523
268 448
415 199
279 682
570 232
631 426
526 466
562 691
620 375
440 202
147 254
121 297
472 519
428 159
551 512
329 492
205 689
157 531
518 483
536 353
657 332
562 461
321 483
406 627
621 146
566 428
424 468
440 597
569 400
556 298
387 555
364 153
675 238
171 175
279 646
472 545
176 218
132 567
244 176
157 550
268 367
164 605
580 107
442 235
467 507
236 616
319 446
308 175
418 336
655 467
517 287
511 594
537 677
258 147
499 680
576 229
365 345
331 205
167 476
394 424
558 289
227 558
282 562
116 339
621 517
296 519
270 398
123 574
458 487
478 291
399 529
551 620
419 213
283 326
440 592
388 416
647 426
587 400
521 244
344 210
250 462
505 189
514 310
462 665
122 255
602 388
521 529
409 148
180 253
265 366
555 549
501 120
516 269
616 562
106 569
572 306
129 691
405 612
648 143
346 689
687 632
521 364
148 235
418 436
513 373
457 373
128 651
616 643
482 273
600 304
360 413
369 684
245 634
333 285
197 189
244 428
286 596
570 615
278 434
367 327
275 178
148 516
613 275
480 331
460 442
366 272
479 483
165 105
689 216
601 688
170 319
212 388
278 588
666 285
486 287
257 573
233 299
418 571
271 438
685 549
189 680
227 453
562 414
304 552
163 457
615 409
345 634
441 380
639 477
144 531
123 580
484 235
254 159
424 479
213 532
119 171
305 540
264 118
548 419
469 511
495 118
174 573
449 192
408 328
169 240
146 560
287 126
631 411
527 507
576 667
639 298
579 592
526 166
620 470
361 211
451 489
120 312
377 433
512 308
272 320
174 347
479 535
127 612
367 502
676 270
681 642
211 483
114 101
312 441
210 343
617 496
431 627
161 306
164 412
207 560
270 344
405 196
565 185
192 500
273 581
321 557
461 653
313 303
413 445
692 442
692 202
123 251
672 380
527 226
135 345
186 133
207 496
413 507
160 227
527 534
675 130
474 480
263 197
363 667
588 138
399 508
324 156
698 107
108 625
408 614
262 685
413 508
619 287
503 566
337 640
123 372
124 356
