121 292
359 134
570 670
197 304
634 642
359 608
114 606
633 594
467 169
211 431
264 172
598 567
626 310
412 560
438 109
417 221
194 114
134 586
228 654
358 267
186 133
258 383
431 598
215 567
548 212
581 329
516 617
459 675
497 563
412 628
278 472
606 404
425 321
439 617
537 618
484 621
684 388
642 522
190 186
635 350
436 620
547 447
199 220
543 658
204 592
695 335
620 245
477 366
692 338
250 328
303 215
341 182
479 280
575 174
267 499
363 204
676 116
447 564
527 371
276 165
388 186
484 445
514 533
215 403
653 584
231 286
577 667
234 124
286 101
504 343
120 501
264 105
417 234
629 620
341 463
123 358
344 372
406 138
651 140
675 230
652 100
317 497
323 634
369 122
158 651
329 183
361 321
645 239
100 169
675 397
257 653
224 130
222 669
298 167
125 306
632 157
305 387
430 315
697 364
646 318
559 588
570 407
449 495
267 219
379 276
594 229
356 699
628 204
273 525
321 481
536 206
475 405
619 213
334 523
567 130
366 208
273 382
120 443
172 684
108 470
616 696
324 536
504 156
546 471
594 326
465 572
169 582
335 349
610 487
429 700
463 230
480 314
325 415
695 563
624 556
557 166
171 231
413 129
467 501
516 576
646 650
144 467
170 673
404 114
315 542
460 365
239 431
402 372
499 535
446 645
204 106
694 184
283 448
398 466
259 693
185 582
186 592
699 226
234 675
196 192
448 292
587 140
381 667
255 502
317 696
156 575
178 590
178 552
407 686
400 350
630 629
424 340
687 230
156 414
360 359
403 576
395 266
695 436
472 377
119 346
251 599
440 578
222 619
562 374
282 486
299 230
397 668
115 373
390 254
243 320
316 692
244 365
281 103
439 384
658 201
254 444
140 441
537 584
520 175
606 669
639 164
302 452
172 421
129 668
127 113
397 422
255 645
141 602
618 584
300 177
405 657
117 617
168 601
221 609
193 112
187 237
200 592
149 451
103 281
145 268
443 161
173 148
497 240
221 312
341 220
643 324
664 648
493 401
596 100
345 377
589 471
241 452
393 623
299 673
151 691
614 319
613 385
570 197
273 208
264 404
653 653
518 145
394 112
366 331
403 227
444 474
196 473
379 602
475 383
338 173
577 386
661 123
266 451
646 577
693 568
161 330
662 322
614 536
514 359
568 637
336 682
146 388
658 367
456 160
436 195
217 639
392 339
594 464
104 463
433 255
388 630
104 231
626 474
131 442
692 462
232 677
689 548
591 523
432 354
636 317
117 690
621 144
302 538
469 678
324 388
297 429
292 267
541 539
395 690
600 251
300 575
341 112
461 583
163 429
272 296
644 168
148 132
154 277
519 489
683 434
444 288
326 340
296 207
436 274
618 622
130 255
237 639
150 138
572 402
615 325
644 384
132 226
238 263
107 660
394 659
289 114
611 617
238 322
593 676
487 436
403 406
363 226
257 574
523 578
597 157
287 483
237 558
191 431
161 262
162 265
604 222
629 535
198 443
287 413
518 489
665 309
631 169
133 251
296 267
244 530
104 503
195 212
560 668
193 491
258 128
308 590
302 109
571 158
578 329
611 259
