202 675
103 386
282 117
697 511
474 168
305 497
297 507
513 570
131 360
500 363
122 154
129 118
342 211
134 604
404 452
464 345
273 267
382 566
106 653
402 322
392 254
238 365
213 243
136 275
220 608
512 112
193 458
319 544
472 567
567 378
354 423
291 263
430 450
373 267
473 387
497 496
164 504
251 624
516 655
230 119
558 265
542 512
362 328
195 101
254 361
612 355
544 412
273 216
621 312
450 120
214 110
151 215
160 391
553 471
149 217
625 172
342 485
611 563
324 388
551 477
300 378
250 427
194 676
371 634
693 648
571 620
676 440
670 600
214 687
302 117
228 672
392 549
255 658
421 374
666 202
521 439
415 279
687 390
573 172
132 118
521 338
186 321
690 592
400 305
113 500
333 299
440 609
458 170
454 236
398 123
658 358
237 494
346 333
597 523
228 146
537 117
544 423
263 188
625 143
203 166
579 395
328 505
152 535
575 544
547 468
412 520
407 564
158 511
412 583
351 525
662 325
135 507
699 603
610 330
468 463
404 439
278 466
319 170
598 617
153 369
155 175
595 108
325 126
430 430
171 337
120 585
596 238
569 226
554 420
177 422
228 284
300 684
440 300
253 691
235 397
113 290
415 638
448 482
491 523
195 404
691 428
143 147
564 587
286 678
109 607
454 389
617 623
150 684
215 264
240 699
681 231
431 547
561 311
479 591
378 233
583 532
154 141
364 279
490 323
513 365
569 532
292 695
414 590
442 297
499 630
393 308
592 132
421 572
190 420
245 402
261 201
136 688
325 638
520 571
159 325
501 446
617 688
674 341
192 332
592 134
460 113
363 567
327 179
456 217
273 207
195 411
173 576
203 346
518 536
244 423
109 521
171 691
445 694
219 345
271 449
331 590
125 631
560 275
251 124
411 236
493 699
678 180
554 516
221 558
643 350
182 634
677 234
669 628
621 583
137 652
238 683
535 537
546 366
630 188
488 626
127 101
690 695
685 281
647 565
423 137
431 617
686 506
122 247
667 494
361 558
301 240
338 471
212 310
108 192
601 372
402 175
420 551
581 609
165 519
596 620
539 260
326 210
257 145
697 380
406 627
265 512
433 442
484 176
480 579
387 112
670 404
537 574
306 655
348 635
271 358
265 262
338 304
177 659
436 349
419 464
114 175
678 328
303 234
681 514
513 661
100 306
695 350
371 613
509 678
669 524
325 248
600 250
209 639
330 181
456 682
415 399
129 609
678 558
246 221
186 395
174 310
111 657
606 389
278 578
441 120
590 329
242 416
272 325
662 612
305 302
428 505
596 247
654 561
334 629
616 165
616 364
544 192
366 472
266 628
613 592
649 517
680 473
160 216
542 693
446 695
258 360
528 658
588 638
403 632
553 196
449 332
302 597
270 380
119 202
354 566
372 404
380 697
670 598
473 674
336 213
269 668
150 184
698 166
461 590
375 127
191 367
120 549
497 110
509 129
450 119
138 470
386 287
573 476
687 458
388 325
387 352
172 630
367 250
333 282
436 307
694 331
267 419
165 182
491 127
484 324
543 502
289 548
346 311
365 691
175 666
642 207
596 314
632 523
408 404
522 296
292 171
385 496
357 625
661 668
303 129
234 520
502 171
687 173
402 571
190 274
520 265
302 457
177 525
498 688
288 535
210 680
537 560
113 467
384 495
117 510
229 534
476 289
406 293
447 170
438 108
260 331
250 462
368 472
323 107
274 593
206 627
679 139
163 205
480 195
673 651
122 250
202 692
522 258
252 580
339 449
297 353
285 341
242 498
262 580
444 102
527 472
579 682
444 525
525 263
291 583
318 243
593 226
486 149
520 125
140 183
601 636
150 477
191 213
223 266
385 137
618 593
612 254
472 412
524 350
172 263
200 149
559 160
527 245
521 473
396 595
277 227
565 238
374 289
429 440
301 432
432 596
175 519
423 293
550 215
662 558
569 325
418 133
386 323
183 669
457 654
542 430
659 455
429 594
518 595
189 618
256 490
299 607
517 468
662 291
165 600
237 588
127 151
283 496
299 183
238 366
609 478
215 427
232 428
568 119
481 161
205 582
255 254
511 613
566 124
532 130
339 282
563 488
280 366
365 320
169 391
117 589
498 319
519 169
338 131
118 105
295 594
559 115
371 450
195 180
520 326
318 461
696 557
337 459
505 130
626 181
502 543
239 639
376 552
198 415
184 419
220 504
313 221
395 258
118 478
264 498
678 672
700 330
619 193
668 569
492 340
223 686
247 398
555 552
336 353
581 584
543 478
225 380
582 635
378 699
610 171
284 393
377 545
566 468
611 532
326 433
237 430
113 321
317 569
339 256
444 647
256 411
570 547
400 352
348 425
268 600
230 432
326 328
541 616
411 373
322 660
588 651
392 370
644 170
598 264
574 321
686 394
489 651
596 381
357 345
412 401
484 558
215 576
374 384
346 147
665 588
482 650
419 623
677 221
104 122
271 653
666 526
197 553
304 159
649 576
619 557
346 573
200 114
645 359
157 289
396 249
293 476
248 611
215 292
356 543
628 433
293 389
532 349
593 672
419 554
208 635
522 700
146 111
451 422
388 495
606 255
546 208
676 278
264 604
229 538
175 364
604 211
528 491
581 584
157 360
153 122
486 142
184 284
252 541
675 209
237 520
279 137
423 495
538 575
656 100
599 195
246 197
345 344
544 348
431 580
361 531
149 296
104 391
443 319
201 447
622 615
201 183
512 394
241 137
398 699
649 136
594 475
230 326
127 642
311 337
160 175
614 456
464 164
280 159
365 472
595 350
472 313
619 308
448 576
337 607
460 605
471 174
600 454
295 114
429 622
302 480
288 478
585 141
594 467
152 665
103 107
506 531
591 659
189 698
544 206
384 487
191 161
142 482
684 373
578 180
149 394
205 318
316 688
586 136
408 578
594 489
579 113
340 379
616 627
667 630
165 271
653 633
431 439
246 487
456 407
508 278
458 633
180 587
477 650
212 220
126 454
387 528
526 654
291 230
455 229
310 255
336 449
684 490
228 413
483 637
485 357
647 347
151 237
635 153
177 659
601 290
634 336
260 476
306 242
566 149
617 135
558 280
598 622
519 540
207 547
459 593
164 484
299 621
608 354
518 464
684 377
474 435
666 381
160 373
390 483
283 314
153 596
491 263
552 207
422 560
478 393
190 418
118 606
226 686
304 226
243 564
653 660
219 698
155 677
357 663
420 323
694 176
673 480
235 599
529 367
375 252
194 494
145 590
640 453
416 134
313 581
642 404
590 340
479 331
146 442
479 473
395 576
588 693
410 126
506 385
445 530
519 686
493 165
313 374
425 491
608 303
666 597
563 165
566 309
155 180
308 172
592 689
613 432
269 490
466 178
296 616
639 168
394 264
331 255
570 310
381 320
544 269
167 435
232 362
324 312
671 188
615 211
291 597
502 405
173 126
491 510
386 247
639 509
341 565
489 140
496 211
448 470
568 365
133 273
650 448
216 399
146 141
209 580
370 526
635 210
550 472
150 256
162 183
184 413
228 239
428 678
661 250
355 218
543 486
528 515
366 206
302 195
551 617
618 114
232 695
291 383
142 450
201 177
558 344
652 343
373 627
668 268
333 391
368 219
206 460
362 415
631 417
381 671
344 322
586 229
370 271
245 276
135 388
617 695
154 644
295 138
187 523
620 658
615 451
522 410
692 497
268 519
546 340
287 215
647 492
110 496
571 620
242 385
639 663
313 550
582 637
282 163
606 537
272 615
646 601
462 473
377 295
100 510
516 426
535 220
465 449
469 612
277 658
218 217
472 105
140 189
236 445
509 160
202 343
686 363
577 191
658 530
136 542
395 282
278 545
250 131
275 375
637 619
218 691
496 648
690 114
574 541
538 673
251 420
110 181
270 525
172 276
598 597
472 512
164 403
649 423
171 353
196 526
303 659
315 419
222 647
254 105
335 151
145 538
288 646
272 293
429 205
502 542
409 509
395 676
224 593
314 401
265 458
608 517
437 168
323 689
695 169
353 221
457 323
472 490
611 548
685 497
396 189
469 456
186 682
700 188
628 217
335 491
511 447
375 494
537 306
157 612
579 333
416 432
549 340
418 215
179 445
621 652
138 163
128 208
538 414
381 199
548 671
598 223
161 361
233 605
396 257
565 479
526 335
622 152
331 583
102 406
145 459
564 149
123 681
397 177
290 436
581 196
201 493
494 300
657 581
557 403
671 285
315 119
668 403
635 161
588 151
131 684
519 595
360 441
351 625
204 419
671 313
458 458
448 215
592 494
374 575
495 596
429 248
646 266
114 370
178 628
415 131
127 114
448 411
536 573
506 228
249 394
630 588
675 587
405 159
618 516
675 339
455 198
627 513
247 637
284 193
359 170
252 485
345 294
251 451
508 579
572 623
498 638
158 630
213 226
359 482
105 644
184 263
634 532
388 510
202 633
548 266
470 537
547 145
573 522
501 255
327 415
153 582
654 448
221 313
111 639
288 253
548 327
633 345
208 455
550 104
671 626
625 385
501 104
419 311
404 441
469 624
374 326
688 121
240 337
356 497
379 101
204 517
427 130
166 127
152 488
327 274
179 312
314 638
618 171
413 285
439 248
533 618
165 584
512 161
370 483
614 455
372 357
333 523
325 570
252 444
235 569
397 213
335 324
255 210
132 382
190 559
370 148
394 341
165 406
112 405
230 213
583 554
224 205
684 554
265 469
581 552
325 156
210 446
183 548
294 187
131 521
634 436
120 242
428 158
507 419
594 666
287 587
164 154
593 293
549 248
455 440
360 383
254 598
354 574
658 370
189 671
141 157
535 104
389 430
514 168
158 692
293 216
651 427
641 659
160 386
398 449
269 591
208 175
520 285
454 141
407 238
274 415
642 488
118 590
416 263
613 296
159 179
482 503
279 177
398 439
257 209
542 645
657 108
660 649
477 442
672 189
611 592
680 244
442 315
493 439
263 400
580 401
257 581
265 198
690 434
498 446
176 460
163 317
552 213
227 684
530 385
611 409
337 380
157 288
329 291
301 276
401 454
399 261
406 425
381 695
600 189
386 349
140 313
226 331
434 160
480 601
620 234
360 401
202 510
681 392
404 400
441 642
112 498
196 555
234 212
140 581
439 383
560 469
168 341
688 552
195 108
642 632
157 434
491 353
478 660
448 196
325 673
439 299
236 146
651 508
406 108
323 266
195 357
444 107
218 379
455 107
489 377
469 439
173 371
290 217
666 553
199 438
463 125
125 141
175 111
331 187
134 104
655 114
350 635
447 622
152 274
322 173
166 321
425 243
403 182
503 158
537 173
129 418
337 166
259 634
287 589
520 227
237 667
603 165
366 370
172 626
501 327
545 659
518 615
190 337
248 157
419 339
555 193
421 405
697 446
243 559
220 549
428 562
213 369
398 589
659 583
371 520
339 343
486 373
384 118
261 468
493 577
344 222
530 583
191 236
133 318
161 278
368 699
607 252
612 272
672 451
634 517
657 584
217 347
302 642
678 529
613 241
419 142
354 226
414 565
578 184
386 160
578 336
273 506
344 388
242 199
428 377
699 237
351 250
364 247
295 620
162 658
291 479
523 570
149 342
599 316
377 617
528 527
110 154
295 375
655 662
686 138
271 517
108 647
444 662
316 558
368 305
318 307
223 208
354 458
105 142
298 616
422 419
537 158
239 358
564 262
346 347
601 149
442 605
217 661
305 141
276 261
542 169
123 645
355 561
128 338
294 101
458 593
548 639
129 318
375 221
282 441
689 588
446 560
351 602
558 101
346 316
549 434
210 143
316 428
582 160
580 493
143 372
347 315
369 322
566 158
167 311
674 312
597 696
514 360
626 393
310 180
288 667
488 141
544 531
558 366
524 337
487 689
659 179
430 615
416 404
435 381
645 486
100 301
112 604
568 348
314 558
599 369
316 138
563 413
685 530
323 651
632 587
557 545
514 402
429 158
103 407
107 431
326 246
485 115
235 559
344 657
603 359
345 240
230 117
505 260
700 266
281 350
360 606
184 528
261 267
315 292
199 408
674 507
134 188
251 676
237 244
582 516
276 356
311 232
399 475
623 506
629 384
281 199
282 381
258 124
511 461
270 270
135 426
