232 212
541 408
360 117
531 575
568 266
162 432
501 310
645 317
350 493
697 426
213 447
646 335
440 224
276 583
615 305
131 469
129 159
455 487
229 467
165 446
375 596
647 572
273 583
172 629
687 155
244 384
432 362
257 356
452 690
136 136
470 159
155 569
239 454
665 557
353 214
515 267
301 142
225 404
544 124
425 399
606 347
645 478
157 244
242 442
532 112
350 653
322 243
328 587
661 324
192 459
601 671
208 618
582 126
634 685
525 345
633 145
501 557
535 274
581 371
364 420
120 631
234 297
298 671
120 575
544 404
461 245
196 571
244 634
375 400
633 376
137 641
316 459
602 186
337 388
349 249
255 672
363 668
392 603
691 260
434 167
669 123
155 673
445 316
553 190
407 535
300 359
696 307
104 215
651 620
534 584
115 379
218 376
368 366
282 512
135 261
344 175
310 518
399 169
545 555
554 413
412 183
439 254
616 615
585 654
504 310
531 364
357 360
623 210
133 594
663 369
441 268
697 599
679 166
485 619
170 436
234 406
686 592
479 296
473 197
161 482
157 300
208 668
585 233
640 232
315 135
319 420
468 242
160 641
517 328
355 479
124 281
528 293
329 610
420 462
514 684
383 585
493 563
415 308
664 312
163 615
691 154
434 679
163 243
684 367
159 444
368 269
503 191
381 254
331 385
210 326
