633 365
513 182
440 196
298 320
658 539
444 240
408 495
121 505
510 695
223 149
337 177
584 396
672 338
272 184
427 305
275 224
408 577
103 329
659 352
634 138
300 173
123 688
569 153
528 284
470 676
502 180
658 548
356 493
281 637
306 468
134 634
131 655
522 660
359 195
175 496
675 210
582 540
566 636
568 585
489 140
509 364
574 683
254 515
116 565
563 360
458 436
539 381
662 537
663 190
224 176
635 282
371 165
603 224
133 574
109 363
292 440
342 575
676 664
345 386
595 489
676 294
369 585
442 147
145 579
305 162
329 409
147 356
583 131
422 579
545 100
586 383
117 594
206 455
266 159
289 516
533 426
227 323
331 595
215 333
555 192
354 493
188 413
478 596
248 220
353 670
492 440
435 645
146 655
607 602
611 661
367 309
341 254
480 112
253 400
639 419
300 417
258 531
146 345
182 651
529 484
