300 648
404 673
415 298
239 648
577 419
597 551
270 666
395 596
346 505
482 433
227 262
187 408
670 107
384 169
383 507
633 677
322 273
462 516
609 429
390 628
612 233
103 325
379 419
248 476
695 125
119 119
280 190
111 136
263 170
402 610
617 330
680 427
332 242
522 187
127 397
145 367
319 399
635 596
271 153
410 691
303 601
628 305
157 545
103 103
255 141
305 594
279 632
491 548
395 463
323 512
281 443
569 148
277 168
138 265
157 532
475 615
131 554
143 105
617 616
384 231
519 462
522 600
116 532
444 523
281 630
344 230
590 662
113 616
178 652
145 229
337 528
236 355
168 633
249 685
550 499
384 647
185 342
412 437
329 175
132 576
680 646
492 493
527 347
641 698
234 421
366 633
307 299
599 455
439 665
257 602
267 163
437 651
678 628
398 317
691 388
299 430
279 390
676 156
348 280
247 550
