476 520
578 690
583 279
371 398
294 511
326 676
594 459
103 233
583 605
164 459
199 594
150 513
535 657
189 248
107 138
417 299
543 554
666 268
499 617
596 278
546 427
453 237
525 149
242 132
142 317
378 260
264 482
335 102
594 198
128 355
634 614
644 337
176 631
596 625
416 576
306 648
520 657
148 698
212 620
365 459
595 321
450 662
297 650
536 353
131 256
680 561
673 364
484 276
380 482
365 377
142 530
689 485
117 310
628 439
255 117
180 188
150 604
418 348
272 400
363 209
264 222
323 317
638 412
422 103
651 574
603 564
507 308
446 481
241 152
494 434
538 601
227 358
259 407
136 486
402 613
473 256
546 699
307 693
248 688
214 538
219 509
504 556
215 206
137 693
437 373
165 280
647 572
600 339
420 360
333 159
559 458
249 344
456 671
621 508
664 300
379 257
651 568
557 389
591 482
257 324
482 325
251 399
440 671
530 162
700 353
644 470
465 398
143 219
180 485
302 433
576 599
551 439
596 380
233 129
159 357
490 143
552 103
582 616
290 342
317 279
487 600
289 175
387 382
692 102
207 484
373 361
469 103
297 392
656 635
241 653
262 375
173 379
166 377
577 494
245 571
187 673
640 363
372 411
161 365
323 176
625 431
469 348
472 493
498 378
203 123
121 287
386 615
158 252
567 260
485 542
415 353
586 235
101 617
410 108
571 296
435 574
526 571
204 280
433 306
602 125
194 603
328 497
609 461
157 458
389 145
345 286
540 232
173 402
694 130
392 310
697 323
165 442
650 478
391 258
244 542
580 454
135 273
586 421
304 682
551 236
281 206
627 144
646 489
412 634
691 246
113 128
570 384
155 148
244 542
582 555
684 497
284 185
581 158
295 622
700 668
293 256
174 534
360 427
643 247
284 112
