675 159
395 329
611 380
553 489
514 499
185 344
693 381
331 559
148 118
137 549
237 154
487 626
324 464
207 453
634 141
508 496
331 593
361 348
314 681
192 224
475 131
137 171
509 564
242 221
426 458
687 200
521 140
555 241
593 196
479 380
699 196
374 193
168 288
512 510
119 503
160 308
649 407
340 327
181 520
671 313
275 567
384 225
482 620
229 622
588 259
544 428
325 181
273 603
165 220
413 679
648 406
182 389
521 528
489 632
649 394
121 265
318 683
416 676
663 346
112 591
192 280
463 269
312 275
344 617
390 572
109 350
616 341
437 481
448 152
205 613
562 535
238 435
332 691
131 305
188 452
504 244
270 648
121 170
623 561
457 288
641 665
690 589
683 621
150 534
499 482
287 664
660 499
603 381
233 673
444 488
310 470
307 233
540 307
480 247
389 515
643 529
257 306
621 234
327 574
526 181
197 335
379 152
346 279
524 363
453 663
198 239
659 243
257 657
126 229
355 418
621 488
454 325
387 112
441 186
530 426
362 131
302 278
475 686
111 525
161 457
328 314
568 682
129 623
240 633
633 572
223 296
645 590
525 258
624 104
581 543
473 323
606 333
165 483
561 400
122 593
528 449
510 202
629 559
578 408
346 287
677 583
179 605
581 656
284 399
698 310
150 410
423 436
422 195
460 169
119 589
603 411
311 658
607 254
440 301
392 363
560 322
320 314
676 374
142 472
152 682
440 321
435 395
328 471
567 373
373 513
164 406
270 488
262 485
558 604
681 487
518 195
511 663
418 388
690 312
101 350
174 203
525 514
129 139
606 102
120 611
433 204
396 106
151 472
670 352
125 630
103 355
592 366
340 131
463 656
614 598
545 525
385 569
512 420
475 170
313 185
639 444
583 369
502 360
350 278
225 407
