528 278
378 697
188 236
543 537
272 658
565 153
127 187
364 369
140 497
278 547
655 444
122 416
628 260
456 667
148 650
606 533
408 596
540 489
370 305
100 625
685 210
629 494
360 521
473 663
430 217
473 387
262 571
174 599
570 367
301 500
102 462
320 441
325 375
107 434
286 215
140 696
159 239
167 267
594 140
636 302
186 372
239 539
138 594
160 576
240 686
197 518
333 679
507 631
156 168
208 549
617 184
251 324
387 327
124 130
419 296
322 533
586 529
627 342
469 117
476 142
576 221
606 271
459 421
214 244
435 408
268 697
598 116
155 221
681 326
282 516
128 100
540 318
379 549
474 471
105 408
325 190
366 298
525 244
207 205
418 566
131 129
400 339
217 380
289 634
167 185
412 191
288 597
632 412
415 396
664 155
664 384
470 457
305 580
609 464
454 343
214 693
636 441
589 280
229 171
662 388
302 144
410 232
325 244
694 700
499 491
446 353
554 183
168 432
393 356
308 343
127 124
399 129
682 528
356 188
522 195
165 460
108 306
436 284
110 510
370 539
452 112
276 146
280 548
122 394
311 365
276 587
251 319
685 287
248 352
294 137
284 358
698 390
414 656
398 360
127 371
281 191
489 123
117 191
446 524
290 576
436 113
499 217
635 136
257 285
172 198
253 469
479 406
254 200
531 340
422 422
488 670
287 512
580 426
272 457
224 222
410 245
654 390
498 285
226 474
666 208
192 588
138 584
536 526
358 284
320 416
556 614
327 626
680 569
629 652
535 281
431 697
151 103
672 112
220 572
113 394
292 614
106 363
637 242
486 346
530 544
413 456
343 692
491 642
515 282
272 295
168 597
334 170
175 196
357 546
132 301
103 664
346 432
189 482
116 184
330 498
236 502
197 533
144 623
148 158
182 175
