553 689
562 207
110 537
360 504
566 567
361 542
252 168
286 628
131 227
253 212
137 504
521 173
405 676
443 643
632 238
554 305
362 584
304 129
318 625
392 529
302 602
571 318
562 465
663 117
238 524
153 265
465 139
341 220
399 526
245 254
527 559
689 415
220 141
656 615
617 250
651 269
515 531
489 187
326 483
565 681
210 467
109 525
194 330
331 671
552 577
202 385
309 620
121 547
417 502
522 519
568 450
314 385
229 172
289 138
128 682
676 333
192 488
501 398
441 571
452 300
531 482
553 313
695 254
256 555
177 623
576 154
336 625
326 272
565 535
349 602
136 165
534 612
464 382
677 206
680 245
340 553
438 165
405 557
580 678
462 187
493 135
164 471
106 461
521 113
183 278
480 644
178 207
672 255
567 395
566 551
521 590
502 525
119 301
124 352
681 398
533 321
279 314
471 621
692 566
622 207
232 100
147 653
382 587
154 642
461 362
494 664
638 341
361 367
132 388
618 310
282 439
682 419
629 340
621 376
681 633
456 526
634 254
133 426
382 449
470 243
526 488
280 518
603 112
667 394
328 636
261 430
654 412
232 513
183 338
653 350
608 213
478 614
198 236
323 146
521 273
597 637
528 283
310 531
270 570
613 264
153 596
690 237
573 643
627 205
641 131
529 188
247 130
572 206
332 188
524 485
281 114
370 252
619 676
639 219
389 280
373 143
405 150
560 229
421 455
579 496
315 339
352 595
396 277
120 623
452 225
486 613
288 465
445 126
340 231
100 547
643 413
647 324
250 642
530 113
564 130
490 113
301 258
591 434
208 680
169 583
378 109
380 561
272 650
564 403
562 384
248 609
609 117
182 213
273 184
157 421
678 672
475 192
150 233
226 675
152 677
150 484
228 130
603 362
232 628
231 620
