380 313
126 697
615 581
225 602
505 361
234 336
618 567
376 468
515 633
235 118
577 348
129 333
634 269
440 436
131 418
203 659
231 666
421 296
315 486
697 115
246 586
533 218
675 535
417 436
507 385
344 492
477 650
204 150
589 569
273 616
450 386
194 410
153 431
264 376
484 397
494 364
500 458
441 152
330 156
148 670
532 449
312 281
652 642
263 342
304 625
416 207
208 409
674 108
550 189
408 195
356 482
334 529
671 263
362 249
504 558
680 684
273 485
530 129
606 297
251 693
542 249
150 175
680 101
179 353
590 115
430 537
111 684
493 347
664 273
227 682
662 289
543 363
361 497
193 495
290 128
394 341
136 319
689 332
291 569
541 562
449 263
144 560
162 199
225 173
330 170
411 290
483 685
479 583
647 272
634 561
350 182
575 551
322 319
382 453
173 619
681 122
619 226
527 134
430 575
310 694
282 698
250 390
254 513
226 396
548 580
134 180
357 309
279 185
157 552
605 216
516 307
459 136
474 610
233 692
649 335
495 300
375 668
700 483
192 175
288 198
390 580
476 491
355 609
213 369
267 512
479 694
458 107
230 673
230 278
513 198
141 616
407 658
366 544
553 499
544 368
102 568
465 486
510 587
434 250
408 284
647 186
152 480
152 299
202 199
496 147
286 158
445 161
557 113
105 604
691 244
158 315
177 325
262 691
121 323
402 284
408 619
225 683
439 453
209 602
213 477
218 162
420 554
104 212
194 406
646 217
661 378
633 337
390 697
144 147
404 360
620 142
693 254
603 644
497 106
283 311
500 128
183 550
700 499
381 472
175 461
434 629
659 518
262 523
275 237
519 297
327 216
234 243
162 545
140 202
197 641
285 185
160 435
197 680
151 388
269 272
101 591
101 473
498 271
212 100
635 660
149 412
367 125
317 379
587 694
411 559
482 209
530 451
584 548
223 539
240 533
115 588
281 698
173 256
482 470
581 266
340 359
231 133
377 655
656 549
499 370
151 233
128 695
232 674
371 310
429 368
671 409
580 528
241 683
700 697
438 464
586 515
100 671
213 567
590 269
670 380
607 565
353 186
222 373
157 104
572 470
170 382
435 693
249 277
145 528
535 494
365 562
114 387
442 231
680 653
380 613
236 107
670 598
233 391
253 684
126 513
553 684
116 373
461 673
347 491
496 381
138 202
505 160
302 558
680 269
544 434
314 144
225 647
342 461
349 577
612 190
287 284
362 305
161 665
671 450
265 621
425 123
350 688
687 144
572 244
271 277
541 478
148 141
441 676
349 485
533 498
535 497
657 464
451 660
215 351
317 649
633 285
282 400
458 112
327 405
572 367
698 311
450 650
461 685
190 256
629 528
149 370
510 297
313 193
289 570
305 591
603 375
288 260
240 403
342 442
440 169
108 384
366 384
318 418
621 552
159 437
680 652
547 495
570 383
367 309
140 172
660 609
537 490
601 182
680 679
602 601
648 169
610 312
268 625
688 382
263 640
491 614
527 654
335 101
419 159
184 612
524 312
580 535
327 557
497 267
611 237
406 233
574 419
693 456
414 483
548 267
332 207
312 361
335 694
106 235
246 185
