316 655
574 331
178 508
444 369
526 362
274 138
223 540
268 330
105 194
102 661
514 545
467 443
166 414
588 531
248 620
117 289
292 286
572 467
266 247
144 521
148 377
543 134
689 254
511 597
528 679
686 565
553 329
323 445
492 297
395 595
264 626
282 345
239 333
377 468
446 120
412 685
129 435
492 516
148 492
214 337
221 276
237 225
658 457
215 541
576 464
470 372
596 351
591 638
600 387
341 203
657 347
674 538
273 220
470 557
151 508
140 120
115 350
450 546
298 407
268 262
212 166
148 407
168 624
270 681
285 667
418 189
250 330
369 380
338 679
247 430
335 526
118 409
581 163
386 371
555 306
543 663
580 492
100 335
666 245
411 228
138 330
444 370
211 309
241 302
172 180
186 447
401 368
464 335
218 659
519 347
143 480
182 134
388 529
563 134
643 391
529 409
662 697
224 543
594 219
107 364
